capturas:
DOWN
0 1011010111 1100010100 0010101110 1000111010 1000011110 01 0
0 1011011011 1100010100 0010101110 1000111010 1000011110 01 0
0 1011011111 1100010100 0010101110 1000111010 1000011110 01 0
0 1011000011 1100010100 0010101110 1000111010 1000011110 01 0
0 1011000111 1100010100 0010101110 1000111010 1000011110 01 0
0 1011001011 1100010100 0010101110 1000111010 1000011110 01 0
DOWN
0 1011010111 0110010001 1100111011 0000011100 1010000110 11 0
0 1011011011 0110010001 1100111011 0000011100 1010000110 11 0
0 1011011111 0110010001 1100111011 0000011100 1010000110 11 0
0 1011000011 0110010001 1100111011 0000011100 1010000110 11 0
0 1011000111 0110010001 1100111011 0000011100 1010000110 11 0
0 1011001011 0110010001 1100111011 0000011100 1010000110 11 0
DOWN
0 1011010110 1111111100 0100001001 0001110100 1100100111 01 0
0 1011011010 1111111100 0100001001 0001110100 1100100111 01 0
0 1011011110 1111111100 0100001001 0001110100 1100100111 01 0
0 1011000010 1111111100 0100001001 0001110100 1100100111 01 0
0 1011000110 1111111100 0100001001 0001110100 1100100111 01 0
0 1011001010 1111111100 0100001001 0001110100 1100100111 01 0
DOWN
0 1011010110 0100111111 0001001111 0101011101 1110000011 11 0
0 1011011010 0100111111 0001001111 0101011101 1110000011 11 0
0 1011011110 0100111111 0001001111 0101011101 1110000011 11 0
0 1011000010 0100111111 0001001111 0101011101 1110000011 11 0
0 1011000110 0100111111 0001001111 0101011101 1110000011 11 0
0 1011001010 0100111111 0001001111 0101011101 1110000011 11 0



*********************************
PAIR

0 1101001100 1110100100 0100010111 11111111110 100001001 01 0
0 1101000000 1110100100 0100010111 11111111110 100001001 01 0
0 1101000100 1110100100 0100010111 11111111110 100001001 01 0
0 1101011000 1110100100 0100010111 11111111110 100001001 01 0

0 1101011100 1110100100 0100010111 11111111110 100001001 01 0
0 1101010000 1110100100 0100010111 11111111110 100001001 01 0
0 1101010100 1110100100 0100010111 11111111110 100001001 01 0
0 1101101000 1110100100 0100010111 11111111110 100001001 01 0

0 1101101100 1110100100 0100010111 11111111110 100001001 01 0
0 1101100000 1110100100 0100010111 11111111110 100001001 01 0
0 1101100100 1110100100 0100010111 11111111110 100001001 01 0
0 1101111000 1110100100 0100010111 11111111110 100001001 01 0

0 1101111100 1110100100 0100010111 11111111110 100001001 01 0
0 1101110000 1110100100 0100010111 11111111110 100001001 01 0
0 1101110100 1110100100 0100010111 11111111110 100001001 01 0
0 1101001000 1110100100 0100010111 11111111110 100001001 01 0

0 1101001100 1110100100 0100010111 11111111110 100001001 01 0
0 1101000000 1110100100 0100010111 11111111110 100001001 01 0
0 1101000100 1110100100 0100010111 11111111110 100001001 01 0
*************************************************************
*************************************************************
0 1101001100 1110100100 0100010111 11111111110 100001001 01 0
0 1101000000 1110100100 0100010111 11111111110 100001001 01 0
0 1101000100 1110100100 0100010111 11111111110 100001001 01 0


PAIR2
0 1101001101 0011011001 0100110011 0110001101 0011000000 10 0
0 1101000001 0011011001 0100110011 0110001101 0011000000 10 0
0 1101000101 0011011001 0100110011 0110001101 0011000000 10 0
0 1101011001 0011011001 0100110011 0110001101 0011000000 10 0

0 1101001101 0011011001 0100110011 0110001101 0011000000 10 0
0 1101000001 0011011001 0100110011 0110001101 0011000000 10 0
0 1101000101 0011011001 0100110011 0110001101 0011000000 10 0
0 1101011001 0011011001 0100110011 0110001101 0011000000 10 0

0 1101001101 0011011001 0100110011 0110001101 0011000000 10 0
0 1101000001 0011011001 0100110011 0110001101 0011000000 10 0
0 1101000101 0011011001 0100110011 0110001101 0011000000 10 0
0 1101011001 0011011001 0100110011 0110001101 0011000000 10 0



